0 0.641666666666667
3 0.05
6 0.05
3 0.05
8 0.05
18 0.0166666666666667
18 0.00833333333333333
3 0.00833333333333333
3 0.00833333333333333
4 0.00833333333333333
3 0.00833333333333333
1 0.00833333333333333
14 0.00833333333333333
3 0
3 0.00833333333333333
3 0.00833333333333333
20 0
11 0
4 0
3 0
18 0
1 0
8 0
5 0
22 0
15 0
10 0
5 0
7 0
8 0
22 0
18 0
1 0
12 0
4 0
1 0
18 0
9 0
3 0
1 0
13 0
4 0
5 0
8 0
8 0
4 0
5 0
5 0
1 0
8 0
2 0
2 0
4 0
9 0
1 0
20 0
4 0
0 0
6 0
1 0
1 0
8 0
8 0
8 0
14 0
3 0
2 0
0 0
1 0
9 0
3 0
0 0
18 0
16 0
8 0
12 0
20 0
24 0
0 0
20 0
0 0
8 0
5 0
0 0
5 0
0 0
0 0
0 0
0 0
2 0
0 0
0 0
7 0
0 0
4 0
14 0
0 0
2 0
0 0
10 0
0 0
