0 0.766666666666667
4 0.433333333333333
8 0.0666666666666667
11 0.0666666666666667
3 0.0666666666666667
14 0.0666666666666667
7 0.0666666666666667
4 0.0666666666666667
7 0.0666666666666667
15 0.1
3 0.0666666666666667
10 0.0666666666666667
6 0.0666666666666667
10 0.0666666666666667
18 0.0666666666666667
3 0.0666666666666667
3 0.0666666666666667
13 0.0666666666666667
3 0.0666666666666667
4 0.0666666666666667
18 0.0666666666666667
6 0.0666666666666667
3 0.0666666666666667
4 0.0666666666666667
9 0.0666666666666667
3 0.0666666666666667
3 0.0666666666666667
11 0.0666666666666667
3 0.0666666666666667
12 0.0666666666666667
20 0.0666666666666667
3 0.0666666666666667
1 0.0666666666666667
10 0.0666666666666667
3 0.0666666666666667
3 0.0666666666666667
5 0.0666666666666667
8 0.0666666666666667
2 0.0666666666666667
3 0.0666666666666667
4 0.0666666666666667
3 0.0666666666666667
24 0.0666666666666667
4 0.0666666666666667
4 0.0666666666666667
4 0.0666666666666667
16 0.0666666666666667
5 0.0666666666666667
3 0.0666666666666667
1 0.0666666666666667
24 0.0666666666666667
3 0.0666666666666667
7 0.0666666666666667
4 0.0666666666666667
12 0.0666666666666667
20 0.0666666666666667
0 0.0666666666666667
1 0.0666666666666667
8 0.0666666666666667
4 0.0666666666666667
2 0.0666666666666667
8 0.0666666666666667
0 0.0666666666666667
0 0.0666666666666667
0 0.0666666666666667
6 0.0666666666666667
3 0.0666666666666667
2 0.0666666666666667
0 0.0666666666666667
0 0.0666666666666667
2 0.0666666666666667
7 0.0666666666666667
2 0.0666666666666667
0 0.0666666666666667
0 0.0666666666666667
0 0.0666666666666667
3 0.0666666666666667
0 0.0666666666666667
0 0.0666666666666667
6 0.0666666666666667
0 0.0666666666666667
24 0.0666666666666667
4 0.0666666666666667
4 0.0666666666666667
0 0.0666666666666667
4 0.0666666666666667
0 0.0666666666666667
5 0.0666666666666667
0 0.0666666666666667
0 0.0666666666666667
0 0.0666666666666667
3 0.0333333333333333
3 0.0333333333333333
6 0.0333333333333333
2 0.0333333333333333
0 0.0333333333333333
13 0.0333333333333333
0 0.0333333333333333
0 0.0333333333333333
0 0.0333333333333333
0 0.0333333333333333
