0 0.641666666666667
4 0.308333333333333
8 0.0166666666666667
11 0.00833333333333333
3 0.025
14 0.00833333333333333
7 0
4 0
7 0
15 0
3 0
10 0
6 0
10 0
18 0
3 0
3 0
13 0
3 0
4 0
18 0
6 0
3 0
4 0
9 0
3 0
3 0
11 0
3 0
12 0
20 0
3 0
1 0
10 0
3 0
3 0
5 0
8 0
2 0
3 0
4 0
3 0
24 0
4 0
4 0
4 0
16 0
5 0
3 0
1 0
24 0
3 0
7 0
4 0
12 0
20 0
0 0
1 0
8 0
4 0
2 0
8 0
0 0
0 0
0 0
6 0
3 0
2 0
0 0
0 0
2 0
7 0
2 0
0 0
0 0
0 0
3 0
0 0
0 0
6 0
0 0
24 0
4 0
4 0
0 0
4 0
0 0
5 0
0 0
0 0
0 0
3 0
3 0
6 0
2 0
0 0
13 0
0 0
0 0
0 0
0 0
