0 0.658333333333333
12 0.325
8 0
3 0
5 0.00833333333333333
3 0.00833333333333333
3 0.0166666666666667
8 0.0166666666666667
3 0.0166666666666667
12 0.0166666666666667
4 0.0166666666666667
6 0.00833333333333333
11 0.00833333333333333
11 0.00833333333333333
15 0
11 0
3 0
6 0.00833333333333333
3 0
11 0
12 0
4 0
12 0
3 0
6 0
12 0
9 0
12 0
7 0
11 0
6 0
7 0
9 0
13 0
3 0
12 0
9 0
12 0
3 0
12 0
3 0
7 0
8 0
11 0
12 0
6 0
12 0
3 0
12 0
7 0
18 0
3 0
3 0
3 0
6 0
12 0
11 0
11 0
12 0
6 0
11 0
11 0
7 0
11 0
3 0
3 0
5 0
12 0
16 0
12 0
12 0
16 0
14 0
12 0
8 0
3 0
14 0
3 0
3 0
3 0
3 0
14 0
4 0
11 0
16 0
16 0
10 0
10 0
3 0
6 0
3 0
16 0
3 0
6 0
3 0
11 0
12 0
14 0
14 0
16 0
12 0
