0 0.616666666666667
4 0.616666666666667
3 0.0333333333333333
10 0.0333333333333333
9 0.0333333333333333
16 0
16 0
4 0
3 0.00833333333333333
3 0.00833333333333333
3 0.00833333333333333
3 0.00833333333333333
3 0.00833333333333333
5 0.00833333333333333
6 0.00833333333333333
16 0
16 0
10 0
6 0
3 0
18 0
3 0
3 0
8 0
3 0
24 0
7 0
3 0
8 0
3 0
6 0
5 0
4 0
1 0
3 0
4 0
20 0
12 0
2 0
4 0
5 0
1 0
3 0
7 0
4 0
5 0
9 0
4 0
5 0
6 0
4 0
5 0
8 0
0 0
4 0
20 0
16 0
2 0
0 0
5 0
1 0
3 0
6 0
1 0
10 0
1 0
5 0
0 0
1 0
5 0
12 0
6 0
0 0
18 0
0 0
12 0
8 0
9 0
0 0
14 0
20 0
5 0
3 0
4 0
9 0
5 0
7 0
19 0
4 0
3 0
15 0
0 0
12 0
4 0
0 0
0 0
9 0
2 0
0 0
0 0
8 0
