0 0.866666666666667
4 0.866666666666667
5 0.866666666666667
10 0.866666666666667
8 0.866666666666667
16 0.866666666666667
16 0.866666666666667
3 0.6
3 0.133333333333333
3 0.1
3 0.1
3 0.1
10 0.1
4 0.1
7 0.1
16 0.1
14 0.1
3 0.1
4 0.1
3 0.1
14 0.0666666666666667
14 0.0666666666666667
5 0.0666666666666667
4 0.0666666666666667
3 0.0333333333333333
16 0.0333333333333333
3 0.0333333333333333
6 0.0666666666666667
4 0.0333333333333333
4 0.0333333333333333
16 0.0333333333333333
6 0.0333333333333333
3 0.0333333333333333
16 0.0333333333333333
3 0.0333333333333333
4 0.0333333333333333
16 0.0333333333333333
3 0.0333333333333333
8 0.0333333333333333
9 0.0333333333333333
16 0.0333333333333333
10 0.0333333333333333
3 0.0333333333333333
4 0.0333333333333333
3 0.0333333333333333
16 0.0333333333333333
3 0.0333333333333333
12 0.0333333333333333
8 0.0333333333333333
3 0.0333333333333333
10 0.0333333333333333
3 0.0333333333333333
14 0.0333333333333333
6 0.0333333333333333
9 0.0333333333333333
16 0.0333333333333333
15 0.0333333333333333
3 0.0333333333333333
3 0.0333333333333333
5 0.0333333333333333
3 0.0333333333333333
10 0.0333333333333333
9 0.0333333333333333
4 0.0333333333333333
7 0.0333333333333333
16 0.0333333333333333
4 0.0333333333333333
3 0.0333333333333333
3 0.0333333333333333
9 0.0333333333333333
16 0.0333333333333333
3 0.0333333333333333
3 0.0333333333333333
3 0.0333333333333333
3 0.0333333333333333
16 0.0333333333333333
3 0.0333333333333333
15 0.0333333333333333
3 0.0333333333333333
10 0.0333333333333333
15 0.0333333333333333
14 0.0333333333333333
3 0.0333333333333333
5 0.0333333333333333
3 0.0333333333333333
11 0.0333333333333333
3 0.0333333333333333
15 0.0333333333333333
9 0.0333333333333333
2 0.0333333333333333
3 0.0333333333333333
3 0.0333333333333333
3 0.0333333333333333
4 0.0333333333333333
5 0.0333333333333333
3 0.0333333333333333
12 0.0333333333333333
4 0.0333333333333333
6 0.0333333333333333
3 0.0333333333333333
14 0.0333333333333333
