0 0.616666666666667
4 0.616666666666667
5 0.616666666666667
10 0.616666666666667
8 0.616666666666667
16 0.616666666666667
16 0.616666666666667
3 0.333333333333333
3 0.0333333333333333
3 0.0333333333333333
3 0.0333333333333333
3 0.0333333333333333
10 0.0333333333333333
4 0.0333333333333333
7 0.0333333333333333
16 0.0333333333333333
14 0.0333333333333333
3 0.0333333333333333
4 0.0333333333333333
3 0.0333333333333333
14 0.0333333333333333
14 0.0333333333333333
5 0.0333333333333333
4 0.0333333333333333
3 0.025
16 0.0166666666666667
3 0.0166666666666667
6 0.0166666666666667
4 0.0166666666666667
4 0.0166666666666667
16 0.00833333333333333
6 0.00833333333333333
3 0.0166666666666667
16 0.00833333333333333
3 0.0166666666666667
4 0.0166666666666667
16 0.00833333333333333
3 0.00833333333333333
8 0.00833333333333333
9 0.00833333333333333
16 0.00833333333333333
10 0.00833333333333333
3 0.00833333333333333
4 0.00833333333333333
3 0.00833333333333333
16 0.00833333333333333
3 0.00833333333333333
12 0.00833333333333333
8 0.00833333333333333
3 0.00833333333333333
10 0.00833333333333333
3 0.00833333333333333
14 0.00833333333333333
6 0.00833333333333333
9 0
16 0
15 0
3 0
3 0
5 0
3 0
10 0
9 0
4 0
7 0
16 0
4 0
3 0
3 0
9 0
16 0
3 0
3 0
3 0
3 0
16 0
3 0
15 0
3 0
10 0
15 0
14 0
3 0
5 0
3 0
11 0
3 0
15 0
9 0
2 0
3 0
3 0
3 0
4 0
5 0
3 0
12 0
4 0
6 0
3 0
14 0
