0 0.641666666666667
3 0.641666666666667
6 0.641666666666667
12 0.641666666666667
10 0.308333333333333
16 0.0333333333333333
16 0.025
4 0.025
3 0.0333333333333333
3 0.0333333333333333
3 0.0333333333333333
1 0.025
14 0.0166666666666667
3 0.025
11 0.0166666666666667
3 0.0166666666666667
16 0.0166666666666667
11 0.00833333333333333
4 0.00833333333333333
3 0.00833333333333333
14 0.00833333333333333
4 0.00833333333333333
5 0.00833333333333333
4 0.00833333333333333
3 0.00833333333333333
13 0.00833333333333333
5 0.00833333333333333
6 0
4 0
8 0
10 0
13 0
4 0
13 0
7 0
4 0
13 0
13 0
12 0
4 0
3 0
3 0
3 0
4 0
4 0
4 0
9 0
11 0
4 0
3 0
10 0
3 0
5 0
3 0
4 0
18 0
14 0
3 0
6 0
8 0
4 0
10 0
11 0
11 0
3 0
3 0
9 0
3 0
19 0
3 0
1 0
13 0
15 0
3 0
4 0
14 0
14 0
18 0
10 0
12 0
3 0
13 0
10 0
7 0
3 0
3 0
3 0
13 0
4 0
1 0
7 0
3 0
18 0
3 0
3 0
16 0
12 0
2 0
7 0
7 0
20 0
