0 0.766666666666667
3 0.766666666666667
6 0.766666666666667
12 0.766666666666667
10 0.4
16 0.0333333333333333
16 0.0333333333333333
4 0.0333333333333333
3 0.0666666666666667
3 0
3 0.0666666666666667
1 0.0666666666666667
14 0.0333333333333333
3 0.0333333333333333
11 0
3 0
16 0
11 0
4 0
3 0
14 0
4 0
5 0
4 0
3 0
13 0
5 0
6 0
4 0
8 0
10 0
13 0
4 0
13 0
7 0
4 0
13 0
13 0
12 0
4 0
3 0
3 0
3 0
4 0
4 0
4 0
9 0
11 0
4 0
3 0
10 0
3 0
5 0
3 0
4 0
18 0
14 0
3 0
6 0
8 0
4 0
10 0
11 0
11 0
3 0
3 0
9 0
3 0
19 0
3 0
1 0
13 0
15 0
3 0
4 0
14 0
14 0
18 0
10 0
12 0
3 0
13 0
10 0
7 0
3 0
3 0
3 0
13 0
4 0
1 0
7 0
3 0
18 0
3 0
3 0
16 0
12 0
2 0
7 0
7 0
20 0
