0 0.8
9 0.8
8 0.8
6 0.8
9 0.8
9 0.466666666666667
10 0.133333333333333
9 0.133333333333333
3 0.0666666666666667
9 0.0666666666666667
3 0.0666666666666667
6 0.0666666666666667
5 0.0666666666666667
3 0.0666666666666667
3 0.0666666666666667
9 0.0666666666666667
10 0.0666666666666667
10 0.0666666666666667
3 0.0666666666666667
10 0.0666666666666667
10 0.0666666666666667
10 0.0666666666666667
11 0.0666666666666667
4 0.0666666666666667
10 0.0666666666666667
10 0.0666666666666667
4 0.0666666666666667
9 0.0666666666666667
3 0.0666666666666667
4 0.0666666666666667
6 0.0666666666666667
9 0.0666666666666667
7 0.0666666666666667
3 0.0666666666666667
10 0.0666666666666667
9 0.0666666666666667
9 0.0666666666666667
5 0.0666666666666667
5 0.0666666666666667
9 0.0666666666666667
9 0.0666666666666667
5 0.0666666666666667
9 0.0666666666666667
3 0.0666666666666667
5 0.0666666666666667
3 0.0666666666666667
2 0.0666666666666667
12 0.0666666666666667
3 0.0666666666666667
6 0.0666666666666667
11 0.0666666666666667
6 0.0666666666666667
9 0.0666666666666667
10 0.0666666666666667
12 0.0666666666666667
12 0.0666666666666667
9 0.0666666666666667
12 0.0666666666666667
10 0.0666666666666667
5 0.0666666666666667
9 0.0666666666666667
8 0.0666666666666667
8 0.0666666666666667
5 0.0666666666666667
9 0.0666666666666667
12 0.0666666666666667
12 0.0666666666666667
3 0.0666666666666667
3 0.0666666666666667
9 0.0666666666666667
12 0.0666666666666667
14 0.0666666666666667
12 0.0666666666666667
3 0.0666666666666667
3 0.0666666666666667
2 0.0666666666666667
14 0.0666666666666667
6 0.0666666666666667
3 0.0666666666666667
5 0.0666666666666667
12 0.0666666666666667
3 0.0666666666666667
12 0.0666666666666667
3 0.0666666666666667
14 0.0666666666666667
12 0.0666666666666667
9 0.0666666666666667
12 0.0666666666666667
4 0.0666666666666667
3 0.0666666666666667
7 0.0666666666666667
10 0.0666666666666667
12 0.0666666666666667
3 0.0666666666666667
3 0.0666666666666667
8 0.0666666666666667
12 0.0666666666666667
3 0.0666666666666667
3 0.0666666666666667
3 0.0666666666666667
3 0.0666666666666667
