0 0.633333333333333
9 0.633333333333333
8 0.633333333333333
6 0.633333333333333
9 0.633333333333333
9 0.316666666666667
10 0.00833333333333333
9 0
3 0
9 0
3 0
6 0
5 0
3 0
3 0
9 0
10 0
10 0
3 0
10 0
10 0
10 0
11 0
4 0
10 0
10 0
4 0
9 0
3 0
4 0
6 0
9 0
7 0
3 0
10 0
9 0
9 0
5 0
5 0
9 0
9 0
5 0
9 0
3 0
5 0
3 0
2 0
12 0
3 0
6 0
11 0
6 0
9 0
10 0
12 0
12 0
9 0
12 0
10 0
5 0
9 0
8 0
8 0
5 0
9 0
12 0
12 0
3 0
3 0
9 0
12 0
14 0
12 0
3 0
3 0
2 0
14 0
6 0
3 0
5 0
12 0
3 0
12 0
3 0
14 0
12 0
9 0
12 0
4 0
3 0
7 0
10 0
12 0
3 0
3 0
8 0
12 0
3 0
3 0
3 0
3 0
