0 0.641666666666667
4 0.641666666666667
8 0.641666666666667
11 0.308333333333333
3 0.308333333333333
3 0.308333333333333
6 0.025
4 0.025
6 0.025
14 0.025
3 0.025
7 0.025
9 0.025
10 0.0166666666666667
15 0.0166666666666667
11 0.00833333333333333
3 0.0166666666666667
12 0.00833333333333333
3 0.0166666666666667
16 0.00833333333333333
16 0.00833333333333333
6 0.00833333333333333
14 0
9 0
12 0
3 0
5 0
10 0
3 0
11 0
14 0
3 0
6 0
4 0
7 0
5 0
3 0
9 0
3 0
14 0
4 0
4 0
18 0
18 0
3 0
3 0
4 0
11 0
3 0
9 0
4 0
3 0
10 0
15 0
3 0
15 0
3 0
11 0
16 0
3 0
11 0
10 0
7 0
16 0
4 0
18 0
4 0
9 0
16 0
6 0
3 0
20 0
15 0
3 0
4 0
4 0
5 0
7 0
10 0
3 0
3 0
9 0
3 0
7 0
4 0
3 0
3 0
14 0
10 0
3 0
3 0
3 0
10 0
10 0
3 0
3 0
15 0
3 0
3 0
4 0
10 0
