0 0.766666666666667
4 0.766666666666667
8 0.766666666666667
11 0.433333333333333
3 0.433333333333333
3 0.433333333333333
6 0.0666666666666667
4 0.1
6 0.1
14 0.1
3 0.0666666666666667
7 0.0666666666666667
9 0.0666666666666667
10 0.0666666666666667
15 0.0666666666666667
11 0.0666666666666667
3 0.0666666666666667
12 0.0666666666666667
3 0.0666666666666667
16 0.0666666666666667
16 0.0666666666666667
6 0.0666666666666667
14 0.0666666666666667
9 0.0666666666666667
12 0.0666666666666667
3 0.0666666666666667
5 0.0666666666666667
10 0.0666666666666667
3 0.0666666666666667
11 0.0666666666666667
14 0.0666666666666667
3 0.0666666666666667
6 0.0666666666666667
4 0.0666666666666667
7 0.0666666666666667
5 0.0666666666666667
3 0.0666666666666667
9 0.0666666666666667
3 0.0666666666666667
14 0.0666666666666667
4 0.0666666666666667
4 0.0666666666666667
18 0.0666666666666667
18 0.0666666666666667
3 0.0666666666666667
3 0.0666666666666667
4 0.0666666666666667
11 0.0666666666666667
3 0.0666666666666667
9 0.0666666666666667
4 0.0666666666666667
3 0.0666666666666667
10 0.0666666666666667
15 0.0666666666666667
3 0.0666666666666667
15 0.0666666666666667
3 0.0666666666666667
11 0.0666666666666667
16 0.0666666666666667
3 0.0666666666666667
11 0.0666666666666667
10 0.0666666666666667
7 0.0666666666666667
16 0.0666666666666667
4 0.0666666666666667
18 0.0666666666666667
4 0.0666666666666667
9 0.0666666666666667
16 0.0666666666666667
6 0.0666666666666667
3 0.0666666666666667
20 0.0666666666666667
15 0.0666666666666667
3 0.0666666666666667
4 0.0666666666666667
4 0.0666666666666667
5 0.0666666666666667
7 0.0666666666666667
10 0.0666666666666667
3 0.0666666666666667
3 0.0666666666666667
9 0.0666666666666667
3 0.0666666666666667
7 0.0666666666666667
4 0.0666666666666667
3 0.0666666666666667
3 0.0666666666666667
14 0.0666666666666667
10 0.0666666666666667
3 0.0666666666666667
3 0.0666666666666667
3 0.0666666666666667
10 0.0666666666666667
10 0.0666666666666667
3 0.0666666666666667
3 0.0666666666666667
15 0.0666666666666667
3 0.0666666666666667
3 0.0666666666666667
4 0.0666666666666667
10 0.0666666666666667
